100
3
15 20 60 75 80 100
4
9 9 12 12 12 15 16 20
4
3240 3753 4320 5004 5760 6672 7680 8896
4
237616455 313942479 316821940 418589972 658745415 713157183 878327220 950876244
1
3 4
4
906 1208 1536 2048 2376 2622 3168 3496
4
153 204 2592 2697 2784 3456 3596 3712
4
246 328 1308 1323 1473 1744 1764 1964
4
225 300 858 1144 2637 2847 3516 3796
4
297 396 20790 27720 27720 36960 36960 49280
4
54 72 1209 1612 1857 2476 2739 3652
4
183 244 282 376 726 968 2292 3056
4
1290 1720 1971 2160 2541 2628 2880 3388
4
36 48 435 580 1215 1620 2199 2932
4
6021 8028 8028 10704 10704 14272 16821 22428
4
216 288 786 1048 1632 2176 2550 3400
4
726 968 1437 1527 1916 2036 2793 3724
4
2133 2844 19332 25776 25776 34368 34368 45824
4
1314 1353 1527 1752 1804 2036 2166 2888
4
1557 2064 2076 2752 2832 2934 3776 3912
4
1674 2232 2976 3968 25947 34596 46128 61504
4
54580788 72774384 183365796 244487728 442850025 549080949 590466700 732107932
4
2619 3492 3492 4656 4656 6208 26163 34884
4
212440380 283253840 496622922 523085718 659114811 662163896 697447624 878819748
4
1119 1492 1584 1764 2112 2352 2487 3316
4
225 300 1278 1401 1704 1868 2202 2936
4
22221 25245 29628 33660 33660 44880 44880 59840
4
153 204 246 328 2589 2790 3452 3720
4
15 20 102 136 375 500 795 1060
4
894 1192 1194 1592 2019 2304 2692 3072
4
186 248 747 996 1761 2348 2751 3668
4
1497 1650 1821 1996 2200 2428 2910 3880
4
78 104 1083 1444 1509 2012 2157 2876
4
999 1122 1332 1413 1496 1884 2721 3628
4
14067 17145 18756 22860 25008 30480 33344 40640
4
777 1036 1113 1484 1707 1746 2276 2328
4
133297215 177729620 258002427 314221689 344003236 418962252 584082504 778776672
4
1740 1893 1968 2320 2524 2624 2898 3864
4
144 192 327 436 1224 1632 2448 3264
4
351 468 12231 16308 16308 21744 21744 28992
4
222610497 296813996 430385643 519388854 573847524 686018241 692518472 914690988
4
99 132 150 200 2691 2829 3588 3772
4
59726910 79635880 538516779 639087984 718022372 718578186 852117312 958104248
4
85649841 114199788 180301947 240402596 260954415 347939220 597394521 796526028
4
18765 20250 25020 27000 33360 36000 44480 48000
4
591 738 788 984 2673 2937 3564 3916
4
1620 2160 2160 2211 2694 2880 2948 3592
4
2115111 2820148 125449938 167266584 601307919 631877832 801743892 842503776
4
226308609 247284261 265366611 301744812 329712348 353822148 388412388 517883184
4
513 663 684 884 1617 1902 2156 2536
4
219 292 882 1176 1797 2040 2396 2720
4
366 488 1518 2024 2025 2538 2700 3384
4
465 620 2160 2256 2472 2880 3008 3296
4
228 304 612 735 816 980 1581 2108
4
1620 2160 2880 3840 10773 14364 19152 25536
4
195828093 261104124 305940798 355188204 407921064 473584272 644733012 859644016
4
459 612 747 795 996 1060 1287 1716
4
615 820 1536 1788 2048 2384 2706 3608
4
105452238 140602984 272130483 362840644 399291198 532388264 594140919 792187892
4
9612 12816 12816 17088 17088 22784 24705 32940
4
480 640 678 904 1755 2013 2340 2684
4
15174 16389 20232 21852 26976 29136 35968 38848
4
323239233 430985644 505185333 618215901 673580444 725416944 824287868 967222592
4
14553 19404 19404 21384 25872 25872 28512 34496
4
159683637 212911516 223239744 297652992 389007363 447718470 518676484 596957960
4
834 1112 1389 1852 1857 2476 2811 3748
4
9909 11529 13212 15372 15372 20496 20496 27328
4
9 12 936 1248 2073 2139 2764 2852
4
422615793 563487724 580201719 589622646 728034576 773602292 786163528 970712768
4
564 752 1308 1725 1744 2300 2724 3632
4
96 128 195 260 1938 1956 2584 2608
4
137617134 183489512 506154180 599635464 673829262 674872240 799513952 898439016
4
888 1184 1566 2088 2433 2685 3244 3580
4
840 1120 2121 2127 2691 2828 2836 3588
4
100864875 134486500 434877084 572595564 579836112 684578721 763460752 912771628
4
5454 7272 9696 12928 14634 19512 26016 34688
4
54 72 96 128 18306 24408 32544 43392
4
254948964 281784831 339931952 348373806 375713108 464498408 472525935 630034580
4
774 1032 1962 2253 2616 2901 3004 3868
4
246 328 741 988 1416 1888 2052 2736
4
10017 12555 13356 16740 17808 22320 23744 29760
4
10422 10800 13896 14400 14400 19200 19200 25600
4
339 452 1425 1791 1900 2388 2454 3272
4
831 1108 1746 2328 2739 2940 3652 3920
4
1140 1395 1520 1662 1860 2216 2319 3092
4
246 328 945 1260 1530 2040 2715 3620
4
1212 1616 1797 2277 2396 2862 3036 3816
4
6 8 1269 1692 2352 2700 3136 3600
2
3 4 750000000 1000000000
4
9423 12564 14499 16752 19332 22336 25776 34368
4
152610840 203481120 226699137 302265516 475142340 593005161 633523120 790673548
4
1116 1158 1488 1544 1896 2528 2700 3600
4
173180112 230906816 254122122 338829496 411389475 548519300 637401801 849869068
1
750000000 1000000000
4
618 824 1629 2154 2172 2178 2872 2904
4
3 4 348 464 1308 1744 1761 2348
4
408 544 609 812 1602 1758 2136 2344
4
504 672 849 1083 1132 1444 2397 3196
4
366 488 663 884 1446 1491 1928 1988
4
13249593 17666124 365897583 487863444 492450585 551436330 656600780 735248440
